{
 "cells": [
  {
   "cell_type": "markdown",
   "metadata": {},
   "source": [
    "サイコロを N 回振ったとき、出た目の積が D の倍数となる確率を求めよ。"
   ]
  },
  {
   "cell_type": "markdown",
   "metadata": {},
   "source": [
    "https://atcoder.jp/contests/tdpc/tasks/tdpc_dice"
   ]
  },
  {
   "cell_type": "markdown",
   "metadata": {},
   "source": [
    "Ex1:\n",
    "Int : 2 6\n",
    "Out : 0.416666667\n",
    "\n",
    "Ex2:\n",
    "Int : 3 2\n",
    "Out : 0.875000000"
   ]
  },
  {
   "cell_type": "code",
   "execution_count": 38,
   "metadata": {},
   "outputs": [
    {
     "name": "stdout",
     "output_type": "stream",
     "text": [
      "0.41666666666666674\n"
     ]
    }
   ],
   "source": [
    "def init():\n",
    "  n, d = map(int, input().split())\n",
    "  return n, d\n",
    "\n",
    "def dp():\n",
    "  n, d = init()\n",
    "  q2 = 0\n",
    "  q3 = 0\n",
    "  q5 = 0\n",
    "\n",
    "  while d % 2 == 0:\n",
    "    q2 += 1\n",
    "    d //= 2\n",
    "  while d % 3 == 0:\n",
    "    q3 += 1\n",
    "    d //= 3\n",
    "  while d % 5 == 0:\n",
    "    q5 += 1\n",
    "    d //= 5\n",
    "  if d != 1:\n",
    "    print(0)\n",
    "    exit()\n",
    "  \n",
    "  grid = [[[[0 for _ in range(q5+1)] for _ in range(q3+1)] for _ in range(q2+1)] for _ in range(n+1)]\n",
    "  grid[0][0][0][0] = 1\n",
    "\n",
    "  for i in range(n):\n",
    "    for c2 in range(q2+1):\n",
    "      for c3 in range(q3+1):\n",
    "        for c5 in range(q5+1):\n",
    "          p = grid[i][c2][c3][c5] / 6\n",
    "          if p == 0:\n",
    "            continue\n",
    "          grid[i+1][c2][c3][c5] += p                          # 1\n",
    "          grid[i+1][min(c2+1, q2)][c3][c5] += p               # 2\n",
    "          grid[i+1][c2][min(c3+1, q3)][c5] += p               # 3\n",
    "          grid[i+1][min(c2+2, q2)][c3][c5] += p               # 4\n",
    "          grid[i+1][c2][c3][min(c5+1, q5)] += p               # 5\n",
    "          grid[i+1][min(c2+1, q2)][min(c3+1, q3)][c5] += p    # 6\n",
    "\n",
    "  return grid[n][c2][c3][c5]\n",
    "\n",
    "if __name__ == \"__main__\":\n",
    "  ans = dp()\n",
    "  print(ans)"
   ]
  },
  {
   "cell_type": "code",
   "execution_count": 14,
   "metadata": {},
   "outputs": [
    {
     "name": "stdout",
     "output_type": "stream",
     "text": [
      "[[[0, 0], [0, 0], [0, 0]], [[0, 0], [0, 0], [0, 0]]]\n",
      "[[[0, 0], [0, 0], [0, 0]], [[0, 0], [0, 0], [0, 0]]]\n",
      "[[[0, 0], [0, 0], [0, 0]], [[0, 0], [0, 0], [0, 0]]]\n"
     ]
    }
   ],
   "source": [
    "a = 1      # c2\n",
    "b = 2      # c3\n",
    "c = 1      # c5\n",
    "N = 2      # 繰り返し回数\n",
    "dp = [[[[0 for _ in range(c + 1)] for _ in range(b + 1)] for _ in range(a + 1)] for _ in range(N + 1)]\n",
    "print(*dp, sep=\"\\n\")"
   ]
  },
  {
   "cell_type": "code",
   "execution_count": 34,
   "metadata": {},
   "outputs": [
    {
     "name": "stdout",
     "output_type": "stream",
     "text": [
      "n :  0\n",
      "[[[1], [0]], [[0], [0]]]\n",
      "[[[0], [0]], [[0], [0]]]\n",
      "[[[0], [0]], [[0], [0]]]\n",
      "[[[0], [0]], [[0], [0]]]\n",
      "\n",
      "n :  1\n",
      "[[[1], [0]], [[0], [0]]]\n",
      "[[[0.3333333333333333], [0.16666666666666666]], [[0.3333333333333333], [0.16666666666666666]]]\n",
      "[[[0], [0]], [[0], [0]]]\n",
      "[[[0], [0]], [[0], [0]]]\n",
      "\n",
      "n :  1\n",
      "[[[1], [0]], [[0], [0]]]\n",
      "[[[0.3333333333333333], [0.16666666666666666]], [[0.3333333333333333], [0.16666666666666666]]]\n",
      "[[[0.1111111111111111], [0.05555555555555555]], [[0.1111111111111111], [0.05555555555555555]]]\n",
      "[[[0], [0]], [[0], [0]]]\n",
      "\n",
      "n :  1\n",
      "[[[1], [0]], [[0], [0]]]\n",
      "[[[0.3333333333333333], [0.16666666666666666]], [[0.3333333333333333], [0.16666666666666666]]]\n",
      "[[[0.1111111111111111], [0.1388888888888889]], [[0.1111111111111111], [0.1388888888888889]]]\n",
      "[[[0], [0]], [[0], [0]]]\n",
      "\n",
      "n :  1\n",
      "[[[1], [0]], [[0], [0]]]\n",
      "[[[0.3333333333333333], [0.16666666666666666]], [[0.3333333333333333], [0.16666666666666666]]]\n",
      "[[[0.1111111111111111], [0.1388888888888889]], [[0.33333333333333337], [0.25]]]\n",
      "[[[0], [0]], [[0], [0]]]\n",
      "\n",
      "n :  2\n",
      "[[[1], [0]], [[0], [0]]]\n",
      "[[[0.3333333333333333], [0.16666666666666666]], [[0.3333333333333333], [0.16666666666666666]]]\n",
      "[[[0.1111111111111111], [0.1388888888888889]], [[0.33333333333333337], [0.41666666666666674]]]\n",
      "[[[0], [0]], [[0], [0]]]\n",
      "\n",
      "n :  2\n",
      "[[[1], [0]], [[0], [0]]]\n",
      "[[[0.3333333333333333], [0.16666666666666666]], [[0.3333333333333333], [0.16666666666666666]]]\n",
      "[[[0.1111111111111111], [0.1388888888888889]], [[0.33333333333333337], [0.41666666666666674]]]\n",
      "[[[0.037037037037037035], [0.018518518518518517]], [[0.037037037037037035], [0.018518518518518517]]]\n",
      "\n",
      "n :  2\n",
      "[[[1], [0]], [[0], [0]]]\n",
      "[[[0.3333333333333333], [0.16666666666666666]], [[0.3333333333333333], [0.16666666666666666]]]\n",
      "[[[0.1111111111111111], [0.1388888888888889]], [[0.33333333333333337], [0.41666666666666674]]]\n",
      "[[[0.037037037037037035], [0.08796296296296298]], [[0.037037037037037035], [0.08796296296296298]]]\n",
      "\n",
      "n :  2\n",
      "[[[1], [0]], [[0], [0]]]\n",
      "[[[0.3333333333333333], [0.16666666666666666]], [[0.3333333333333333], [0.16666666666666666]]]\n",
      "[[[0.1111111111111111], [0.1388888888888889]], [[0.33333333333333337], [0.41666666666666674]]]\n",
      "[[[0.037037037037037035], [0.08796296296296298]], [[0.25925925925925924], [0.1990740740740741]]]\n",
      "\n",
      "[[[[1], [0]], [[0], [0]]], [[[0.3333333333333333], [0.16666666666666666]], [[0.3333333333333333], [0.16666666666666666]]], [[[0.1111111111111111], [0.1388888888888889]], [[0.33333333333333337], [0.41666666666666674]]], [[[0.037037037037037035], [0.08796296296296298]], [[0.25925925925925924], [0.6157407407407408]]]]\n",
      "[[[0.037037037037037035], [0.08796296296296298]], [[0.25925925925925924], [0.6157407407407408]]]\n",
      "[[0.25925925925925924], [0.6157407407407408]]\n",
      "[0.6157407407407408]\n",
      "0.6157407407407408\n"
     ]
    }
   ],
   "source": [
    "N, D = map(int, input().split())\n",
    "a = 0\n",
    "b = 0\n",
    "c = 0\n",
    "while D % 2 == 0:\n",
    "  D //= 2\n",
    "  a += 1\n",
    "while D % 3 == 0:\n",
    "  D //= 3\n",
    "  b += 1\n",
    "while D % 5 == 0:\n",
    "  D //= 5\n",
    "  c += 1\n",
    "if D > 1:\n",
    "  print(0)\n",
    "  exit()\n",
    "\n",
    "dp = [[[[0 for _ in range(c + 1)] for _ in range(b + 1)] for _ in range(a + 1)] for _ in range(N + 1)]\n",
    "dp[0][0][0][0] = 1\n",
    "for n in range(N):\n",
    "  for i in range(a + 1):\n",
    "    for j in range(b + 1):\n",
    "      for k in range(c + 1):\n",
    "        p = dp[n][i][j][k] / 6\n",
    "        if p == 0:\n",
    "          continue\n",
    "        print(\"n : \", n)\n",
    "        print(*dp, sep=\"\\n\")\n",
    "        print(\"\")\n",
    "        dp[n + 1][i][j][k] += p\n",
    "        dp[n + 1][min(i + 1, a)][j][k] += p\n",
    "        dp[n + 1][i][min(j + 1, b)][k] += p\n",
    "        dp[n + 1][min(i + 2, a)][j][k] += p\n",
    "        dp[n + 1][i][j][min(k + 1, c)] += p\n",
    "        dp[n + 1][min(i + 1, a)][min(j + 1, b)][k] += p\n",
    "# print(N, a, b, c)\n",
    "print(dp)\n",
    "print(dp[N])\n",
    "print(dp[N][a])\n",
    "print(dp[N][a][b])\n",
    "print(dp[N][a][b][c])\n"
   ]
  },
  {
   "cell_type": "code",
   "execution_count": null,
   "metadata": {},
   "outputs": [],
   "source": []
  }
 ],
 "metadata": {
  "interpreter": {
   "hash": "52ce370d13d9f3e7fec0c208e08f00abccec8be27c64f36722ecec456d801487"
  },
  "kernelspec": {
   "display_name": "Python 3.8.6 64-bit ('.venv_pn': venv)",
   "language": "python",
   "name": "python3"
  },
  "language_info": {
   "codemirror_mode": {
    "name": "ipython",
    "version": 3
   },
   "file_extension": ".py",
   "mimetype": "text/x-python",
   "name": "python",
   "nbconvert_exporter": "python",
   "pygments_lexer": "ipython3",
   "version": "3.8.6"
  },
  "orig_nbformat": 4
 },
 "nbformat": 4,
 "nbformat_minor": 2
}
